50 59 10 6
0 6
1 3
2 4
3 4
4 6
5 3
6 6
7 4
8 3
9 7
10 6
11 7
12 6
13 5
14 8
15 4
16 8
17 5
18 6
19 4
20 7
21 3
22 3
23 7
24 3
25 4
26 4
27 4
28 6
29 7
30 5
31 8
32 6
33 4
34 3
35 3
36 8
37 6
38 3
39 8
40 8
41 6
42 4
43 3
44 8
45 4
46 8
47 5
48 4
49 5
0 0 24
1 1 33
2 1 34
3 2 4
4 2 22
5 2 23
6 3 14
7 3 34
8 3 35
9 4 30
10 4 38
11 5 16
12 5 18
13 6 44
14 6 47
15 7 28
16 8 26
17 8 31
18 9 21
19 9 48
20 10 25
21 10 41
22 11 25
23 11 40
24 11 44
25 11 48
26 12 18
27 12 21
28 13 46
29 14 19
30 14 27
31 14 40
32 14 48
33 15 46
34 17 30
35 19 27
36 19 38
37 19 40
38 19 49
39 20 35
40 24 26
41 25 38
42 25 40
43 27 39
44 27 40
45 27 48
46 28 32
47 29 37
48 31 39
49 32 47
50 36 46
51 37 49
52 38 40
53 38 48
54 40 48
55 41 46
56 42 43
57 43 49
58 45 49
994 49 44
995 49 44
996 49 46
997 49 46
998 49 46
999 49 46
